男女比分布（男/女，1000表示没有女生）
1000	3220
0.0	1983
1.0	1544
2.0	993
0.5	860
3.0	562
0.333	353
1.5	280
0.667	276
4.0	268
5.0	176
1.333	159
0.25	137
6.0	135
2.5	120
0.75	101
7.0	79
1.667	63
0.4	55
0.2	48
0.6	23
0.167	21
8.0	7
0.143	6
10.0	5
9.0	4
2.75	4
2.667	4
2.333	4
3.5	3
1.75	3
0.714	3
4.5	2
3.333	2
13.0	2
1.2	2
0.429	2
0.286	2
6.5	1
4.667	1
3.667	1
2.4	1
2.25	1
2.167	1
15.0	1
12.0	1
1.8	1
1.4	1
1.375	1
1.25	1
1.167	1
0.875	1
0.857	1
0.833	1
0.778	1
0.444	1

微沙龙各主题男女数量和比值
法学	732	892	0.821
艺术学	485	575	0.843
文学	1680	1966	0.855
教育学	1282	1490	0.860
医学	455	478	0.952
管理学	1257	1053	1.194
哲学	949	759	1.250
经济学	2512	1944	1.292
历史学	569	428	1.329
文史类	219	148	1.480
农学	40	25	1.600
其它类	3952	2461	1.606
理学	1509	829	1.820
工学	8316	3772	2.205
军事学	27	9	3.000

微沙龙各兴趣领域男女数量和比值
建筑能耗	0	3	0.000
库存	0	1	0.000
日语学习动机	0	4	0.000
土木工程房地产研究	0	4	0.000
职教	0	2	0.000
城市计算功能区识别	0	1	0.000
社会鞋	0	3	0.000
建筑规划	0	3	0.000
在线教育	0	2	0.000
教育经济	0	1	0.000
应用统计	0	1	0.000
社会语言	0	1	0.000
网络语言材料	0	1	0.000
服装设计	0	3	0.000
语言语言	0	2	0.000
扶贫	0	4	0.000
英语教育	0	2	0.000
美国社会	0	2	0.000
运筹	0	1	0.000
职业生涯指导	0	1	0.000
教育技术学	0	2	0.000
古汉语	0	3	0.000
理學	0	4	0.000
植物	0	2	0.000
算法导论	0	1	0.000
python	0	3	0.000
外文	0	1	0.000
航天航空	0	2	0.000
傳播倫理學	0	4	0.000
储能材料	0	1	0.000
社會學	0	3	0.000
app	0	1	0.000
新女性	0	9	0.000
学习交流	0	2	0.000
傳播媒體	0	4	0.000
东野圭吾	0	3	0.000
欧洲经济	0	1	0.000
地理信息科学	0	1	0.000
战略管理	0	1	0.000
计算机科学与应用	0	3	0.000
性别问题研讨	0	6	0.000
网络与信息安全	0	2	0.000
神经	0	3	0.000
文学历史	0	3	0.000
医学免疫学	0	8	0.000
重组	0	1	0.000
房地产经济与管理	0	2	0.000
茶文化	0	1	0.000
社会运动	0	2	0.000
日语学习	0	4	0.000
nodejs	0	3	0.000
与延续	0	1	0.000
辐射防护	0	2	0.000
英语专业	0	1	0.000
设计	0	2	0.000
微流体	0	1	0.000
市场	0	1	0.000
效率	0	3	0.000
定性研究方法	0	1	0.000
教育政策	0	2	0.000
設計	0	1	0.000
军事发展	0	4	0.000
扩散电泳	0	1	0.000
固体地球物理学	0	1	0.000
传播	0	5	0.000
房地产经济	0	2	0.000
統計分析	0	3	0.000
新技术	0	2	0.000
模拟法庭	0	2	0.000
文体学	0	8	0.000
王国维	0	2	0.000
社会思考类	0	2	0.000
国关	0	2	0.000
英美诗歌	0	2	0.000
电路设计	0	2	0.000
体育科学	0	3	0.000
国际交流	0	3	0.000
中文沟通	0	2	0.000
卫星通信	0	2	0.000
信息收集	0	4	0.000
da xue	0	1	0.000
概论	0	3	0.000
并购	0	1	0.000
测绘	0	2	0.000
unity	0	3	0.000
社会探讨	0	2	0.000
科技社会学	0	3	0.000
教育研究	0	3	0.000
javascript	0	3	0.000
论文	0	3	0.000
学习记忆	0	3	0.000
是	0	1	0.000
空气动力学	0	2	0.000
数据库	0	1	0.000
智能硬件	0	3	0.000
自然地理学	0	1	0.000
語言學	0	3	0.000
网络与通信	0	2	0.000
叶嘉莹	0	1	0.000
汉语研究	0	3	0.000
文本分类	0	2	0.000
技术史	0	5	0.000
情报学	0	1	0.000
免疫学	0	1	0.000
公共财政学	0	2	0.000
旅游管理	0	2	0.000
修辞学	0	5	0.000
社会学研究方法	0	4	0.000
企业兴衰史	0	1	0.000
人体健康	0	1	0.000
制作ppt	0	2	0.000
广告学	0	2	0.000
旅行及摄影	0	1	0.000
平面设计	0	3	0.000
景观规划设计	0	1	0.000
计算语言学	0	1	0.000
會計	0	5	0.000
文献管理	0	1	0.000
人口学	0	3	0.000
html5	0	3	0.000
新闻与大数据	0	1	0.000
二语习得与教学	0	2	0.000
新聞學	0	3	0.000
互联网经济	0	2	0.000
中国古代文学	0	1	0.000
纸	0	1	0.000
运动与健康	0	2	0.000
理工科与文科差异性	0	3	0.000
医疗	0	4	0.000
生态	0	5	0.000
行銷學	0	2	0.000
广告营销	0	2	0.000
傳播學	2	31	0.065
女性	1	12	0.083
傳播	2	18	0.111
暖通	3	26	0.115
诉讼法学	1	8	0.125
文學	1	7	0.143
会计	1	7	0.143
新聞	1	7	0.143
瑜伽	1	7	0.143
生物医学	1	6	0.167
清代	1	6	0.167
海洋生物	1	6	0.167
话语研究	1	6	0.167
工科	1	6	0.167
性别研究	1	6	0.167
新媒体研究	1	6	0.167
亞洲政治	1	6	0.167
新闻与传播	1	6	0.167
供燃气	24	141	0.170
通风及空调工程	24	141	0.170
供热	24	141	0.170
社会语言学	3	16	0.188
语言	3	16	0.188
美学	13	67	0.194
deep	1	5	0.200
中国语言文字	14	70	0.200
环境经济学	1	5	0.200
社会企业	1	5	0.200
建築	2	10	0.200
教育学社会学	1	5	0.200
資料科學	1	5	0.200
图书馆学	3	14	0.214
人机与环境工程	2	9	0.222
神经语言学	4	18	0.222
新闻传播	3	13	0.231
世界史学理论与史学史	4	17	0.235
visual	1	4	0.250
数学软件	1	4	0.250
文化学	1	4	0.250
私募基金	1	4	0.250
电力电子	1	4	0.250
临床心理学	1	4	0.250
廣告學	1	4	0.250
政治策略	1	4	0.250
中外文化	2	8	0.250
facepercep	1	4	0.250
水文水资源	1	4	0.250
霾害	1	4	0.250
創新創業	1	4	0.250
新媒体运营	1	4	0.250
rmse	1	4	0.250
诗词	2	8	0.250
发展经济学	1	4	0.250
普通心理学	1	4	0.250
建筑节能	2	8	0.250
电路	1	4	0.250
脑神经科学	1	4	0.250
政治學	2	7	0.286
政治学理论	9	31	0.290
景观生态学	3	10	0.300
神经结构	1	3	0.333
符号学	3	9	0.333
网络思政	1	3	0.333
社科	3	9	0.333
记忆	1	3	0.333
虚拟现实	2	6	0.333
咖啡技术	1	3	0.333
法律谈判	1	3	0.333
规划学	1	3	0.333
大數據	1	3	0.333
饮食文化	1	3	0.333
图形学	1	3	0.333
土力学	2	6	0.333
脑认知	1	3	0.333
教育经济学	1	3	0.333
航空航天	1	3	0.333
消费社会学	1	3	0.333
固体废弃物	1	3	0.333
情绪	1	3	0.333
人文地理	1	3	0.333
决策	2	6	0.333
道德	2	6	0.333
智能交通	1	3	0.333
市場管理	1	3	0.333
社会统计学	1	3	0.333
社会文化	1	3	0.333
時事	2	6	0.333
医疗健康	1	3	0.333
能源	33	98	0.337
基础心理学	3	8	0.375
公安学	3	8	0.375
汉语史	5	13	0.385
生物大分子	2	5	0.400
编剧	2	5	0.400
图像处理	2	5	0.400
量子力學	2	5	0.400
全球化与教育治理	2	5	0.400
現代物理	2	5	0.400
情感	2	5	0.400
思想	2	5	0.400
航太	2	5	0.400
日本文学	3	7	0.429
外语	7	16	0.438
海洋生物学	15	34	0.441
影视	4	9	0.444
知识产权	4	9	0.444
新闻传播学	106	236	0.449
诚实信用原则	2	4	0.500
儿童心理学	4	8	0.500
团体辅导	1	2	0.500
学生社团	1	2	0.500
奥运	2	4	0.500
认知神经科学	1	2	0.500
哲学思想	1	2	0.500
國際	2	4	0.500
环境规划	1	2	0.500
#腳踏車	2	4	0.500
养老	1	2	0.500
文化交流	1	2	0.500
论文研读	1	2	0.500
植物学	1	2	0.500
国际文化交流	1	2	0.500
优化与建模	1	2	0.500
银行	1	2	0.500
倫理學	3	6	0.500
中文	5	10	0.500
注意与认知	2	4	0.500
权利滥用禁止原则	2	4	0.500
管理与工程科学	1	2	0.500
特征提取	1	2	0.500
工程建设	1	2	0.500
流程优化	1	2	0.500
西班牙语	1	2	0.500
审美学	1	2	0.500
神经网络	2	4	0.500
环境数学模型	1	2	0.500
社会现象	1	2	0.500
国际工程管理	2	4	0.500
日本文化	1	2	0.500
理财	1	2	0.500
大数据与城市规划	1	2	0.500
法国当代思想	3	6	0.500
辐射防护与环境保护	6	12	0.500
水力学	1	2	0.500
生物催化	1	2	0.500
类脑智能	1	2	0.500
志愿公益	1	2	0.500
媒介发展	1	2	0.500
硅灰流变	1	2	0.500
名族史	1	2	0.500
安全	1	2	0.500
统计学与运筹学	1	2	0.500
戰爭	2	4	0.500
数据	1	2	0.500
中国特色社会主义理论	1	2	0.500
纳米材料科学	1	2	0.500
进化心理学	2	4	0.500
生物矿化	4	8	0.500
素食	1	2	0.500
跨文化传播	1	2	0.500
环境科学	10	20	0.500
大学生	1	2	0.500
#運動	2	4	0.500
能源经济学	1	2	0.500
#機械	2	4	0.500
民族	2	4	0.500
自然需要处理	1	2	0.500
建設管理	1	2	0.500
微创诊疗	6	12	0.500
职业规划	2	4	0.500
sba	2	4	0.500
政治哲学	2	4	0.500
农村教育	1	2	0.500
歌词	1	2	0.500
护理学	1	2	0.500
组织管理	1	2	0.500
光谱成像技术	1	2	0.500
韩语	1	2	0.500
production	1	2	0.500
民俗学	1	2	0.500
hci	2	4	0.500
物权	2	4	0.500
土木工程材料	1	2	0.500
能源与环保	1	2	0.500
传播学	53	101	0.525
外国语言学及应用语言学	25	47	0.532
考古学	11	20	0.550
经济史	8	14	0.571
声学	4	7	0.571
公共政策	4	7	0.571
专门史	15	26	0.577
神经科学	7	12	0.583
加速器	10	17	0.588
语言学	50	84	0.595
翻译	3	5	0.600
理论	3	5	0.600
企業發展	3	5	0.600
应用心理学	3	5	0.600
宇宙	3	5	0.600
生物工程	33	54	0.611
临床医学	97	158	0.614
民族学	7	11	0.636
设计学	103	160	0.644
电影	17	26	0.654
中国语言文学	377	570	0.661
语料库语言学	2	3	0.667
个人资料	2	3	0.667
课堂小组讨论	2	3	0.667
机械	2	3	0.667
化工	4	6	0.667
美术	4	6	0.667
history	2	3	0.667
历史文化	2	3	0.667
建筑环境与能源应用	6	9	0.667
形成权	2	3	0.667
计算机网络及应用	2	3	0.667
请求权	2	3	0.667
皮亚杰理论	2	3	0.667
食品科学与工程	2	3	0.667
个性心理	2	3	0.667
古代文学	2	3	0.667
支教	2	3	0.667
linguistic	2	3	0.667
系统工程	10	15	0.667
交互设计	2	3	0.667
播音健身游泳跑步	4	6	0.667
职业发展	2	3	0.667
gis	2	3	0.667
nlp	2	3	0.667
航天医学与医学工程	2	3	0.667
数据分析	4	6	0.667
两岸交流	2	3	0.667
理论学习	2	3	0.667
心里过程	2	3	0.667
消费者心理学	2	3	0.667
交叉	2	3	0.667
数据库安全	2	3	0.667
认知心理学	37	54	0.685
艺术学理论	25	36	0.694
建筑技术科学	23	33	0.697
生物医学工程	334	470	0.711
化学科学与工程	5	7	0.714
人文地理学	5	7	0.714
两岸关系	5	7	0.714
植物保护	5	7	0.714
汽车工程	5	7	0.714
计算几何	5	7	0.714
环境科学与技术	5	7	0.714
社会学	288	400	0.720
经济与管理科学	8	11	0.727
手术导航系统	8	11	0.727
脑机能	8	11	0.727
公共政策研究	8	11	0.727
医疗器械人	8	11	0.727
psychology	11	15	0.733
經濟學	11	15	0.733
运动	12	16	0.750
博士生英语	3	4	0.750
#語文	3	4	0.750
电子工程	3	4	0.750
蒙古文化	3	4	0.750
乔姆斯基	3	4	0.750
国际新闻	3	4	0.750
工程与系统科学	3	4	0.750
时事	3	4	0.750
多能互补	3	4	0.750
歷史	3	4	0.750
法院判决	3	4	0.750
反垄断	3	4	0.750
#泰國	3	4	0.750
通讯工程	3	4	0.750
国际经济法	3	4	0.750
时间管理	6	8	0.750
技术	3	4	0.750
社会调研	3	4	0.750
新闻传播科学	3	4	0.750
早期发育	3	4	0.750
专利	3	4	0.750
言语获得	3	4	0.750
smt	3	4	0.750
刑事案件	3	4	0.750
營銷學	3	4	0.750
人行为研究	3	4	0.750
未來	6	8	0.750
数字视频处理	3	4	0.750
人格心理学	6	8	0.750
食品化工	3	4	0.750
商法学	3	4	0.750
发展心理学	13	17	0.765
民法	10	13	0.769
人类学	44	56	0.786
恋爱	4	5	0.800
跨国并购	4	5	0.800
公益	8	10	0.800
职业生涯规划	4	5	0.800
工业催化	4	5	0.800
生物化工	12	15	0.800
历史文献学	4	5	0.800
项目管理	4	5	0.800
会计学	87	108	0.806
区域经济学	84	104	0.808
宪法学与行政法学	13	16	0.812
教育	24	29	0.828
心理学	559	675	0.828
外国哲学	69	83	0.831
刑法	5	6	0.833
新媒体	5	6	0.833
研究方法	5	6	0.833
国际法学	15	18	0.833
工程	37	44	0.841
宗教学	33	39	0.846
工业工程	13	15	0.867
戏剧与影视学	86	99	0.869
生物医学光学	14	16	0.875
企业管理	78	89	0.876
体育学	103	114	0.904
日语	10	11	0.909
建设管理	10	11	0.909
艺术	33	36	0.917
公共卫生与预防医学	12	13	0.923
外国语言文学	108	117	0.923
西方经济学	28	30	0.933
马克思主义哲学	63	67	0.940
django	19	20	0.950
世界史	19	20	0.950
纳米材料的成像分析	3	3	1.000
人文社科	2	2	1.000
环境学	4	4	1.000
成功	1	1	1.000
纳米	3	3	1.000
左传	2	2	1.000
公共事务治理	5	5	1.000
法学交叉学科	1	1	1.000
中国史	64	64	1.000
兩性關係	4	4	1.000
建筑策划	10	10	1.000
管理学与建筑学	1	1	1.000
文化与社会	1	1	1.000
建筑历史与理论	1	1	1.000
专业学位与研究生教育	1	1	1.000
economics	1	1	1.000
班级建设	1	1	1.000
中国国情与战略	5	5	1.000
人文社会科学	2	2	1.000
国际新闻采编	1	1	1.000
公共安全	2	2	1.000
古代建筑	3	3	1.000
经济人类学	2	2	1.000
语料库	1	1	1.000
移动数据可视化	1	1	1.000
跑步科学	1	1	1.000
自然	1	1	1.000
保险法	2	2	1.000
地方政府行为	1	1	1.000
乏燃料	2	2	1.000
信息采集	3	3	1.000
美术史	1	1	1.000
指数	1	1	1.000
住宅建筑	4	4	1.000
经济法学	3	3	1.000
水治理	5	5	1.000
固体废物资源化工程	1	1	1.000
学术研究	1	1	1.000
spss	2	2	1.000
音乐	14	14	1.000
生产	1	1	1.000
环境经济	1	1	1.000
创造力	2	2	1.000
经济社会学	2	2	1.000
电力电子电路	3	3	1.000
国际化教育	1	1	1.000
规划	3	3	1.000
车辆	2	2	1.000
工业生态化	1	1	1.000
管理學	2	2	1.000
水利	4	4	1.000
建筑设计	10	10	1.000
电工技术	1	1	1.000
传媒	1	1	1.000
新闻	11	11	1.000
地水源热泵	7	7	1.000
电影制作	1	1	1.000
逻辑	1	1	1.000
磁學	2	2	1.000
健康传播	1	1	1.000
商品設計	4	4	1.000
规划治理	2	2	1.000
液态金属	2	2	1.000
海关	1	1	1.000
学生工作	4	4	1.000
多媒體	4	4	1.000
写作	2	2	1.000
摩擦学	1	1	1.000
佛学	1	1	1.000
信号与系统	3	3	1.000
网球	2	2	1.000
行为经济学	1	1	1.000
资源与环境经济学	30	30	1.000
景观规划	1	1	1.000
网络安全	2	2	1.000
文学艺术	1	1	1.000
外交学	3	3	1.000
进出口贸易	1	1	1.000
共享经济	3	3	1.000
社会科学	22	22	1.000
电子课程设计	2	2	1.000
图书出版	1	1	1.000
认知心理	4	4	1.000
柔性加工车间	1	1	1.000
形象的塑造与传播	1	1	1.000
数字人文	2	2	1.000
技巧探討	1	1	1.000
语言相对论	3	3	1.000
arab	2	2	1.000
统计学习	2	2	1.000
工程心理学	8	8	1.000
社会发展	4	4	1.000
供暖系统	3	3	1.000
城市政治学	1	1	1.000
生理学	2	2	1.000
人文历史	4	4	1.000
消防安全	1	1	1.000
城市社会学	2	2	1.000
ajex	2	2	1.000
科研学术	1	1	1.000
无线电物理	5	5	1.000
变态心理学	4	4	1.000
燃料电池燃料电池	1	1	1.000
人口	30	30	1.000
数据处理	2	2	1.000
问题解决心理学	2	2	1.000
口语训练	3	3	1.000
文艺学	2	2	1.000
消费心理学	5	5	1.000
对外交流	2	2	1.000
經濟	18	18	1.000
軟體工程	4	4	1.000
因果关系	2	2	1.000
理论物理学	2	2	1.000
双创	1	1	1.000
风景园林	8	8	1.000
调度原理	1	1	1.000
新闻与传播学	1	1	1.000
微纳米力学	1	1	1.000
神经工程	4	4	1.000
组织行为学	3	3	1.000
概率	3	3	1.000
礼仪	2	2	1.000
认知	2	2	1.000
生产调度	1	1	1.000
战略	3	3	1.000
词语学	1	1	1.000
锂电	3	3	1.000
碳材料	3	3	1.000
国际经济	2	2	1.000
市场研究	1	1	1.000
核燃料循环与材料	3	3	1.000
夏热冬冷地区	4	4	1.000
拉美文学	2	2	1.000
调研	3	3	1.000
b端业务	2	2	1.000
模拟计算分析	4	4	1.000
适老化改造	2	2	1.000
文献	1	1	1.000
大学文化与创新人才	2	2	1.000
行政法学	1	1	1.000
商务英语	3	3	1.000
国际文化	1	1	1.000
应用语言学	1	1	1.000
杨芳老师	1	1	1.000
高等教育	6	6	1.000
风险管理	2	2	1.000
服装	3	3	1.000
咨询心理学	2	2	1.000
免疫	3	3	1.000
建筑	9	9	1.000
城市规划	14	14	1.000
心理与生活	3	3	1.000
计算生物学	1	1	1.000
碳纳米材料	3	3	1.000
微磁学	2	2	1.000
医院管理	2	2	1.000
智能穿戴设备	1	1	1.000
空气净化	1	1	1.000
现代社会研究	3	3	1.000
摄影美学	3	3	1.000
文化	40	39	1.026
化学工程与技术	31	30	1.033
国民经济学	56	54	1.037
统计	16	15	1.067
可视化	78	73	1.068
精密仪器及机械	43	40	1.075
交通运输工程	127	118	1.076
法学理论	14	13	1.077
核技术与应用	41	37	1.108
行政管理	100	90	1.111
工商管理	87	78	1.115
青少年	28	25	1.120
海洋科学	9	8	1.125
室内空气品质	9	8	1.125
运筹学	9	8	1.125
法學	17	15	1.133
中国哲学	50	44	1.136
分子生物学	8	7	1.143
金属工艺	8	7	1.143
风景园林学	50	43	1.163
逻辑学	28	24	1.167
智慧城市	7	6	1.167
电子政务	7	6	1.167
環保	7	6	1.167
选调	7	6	1.167
管理心理学	7	6	1.167
地球物理学	7	6	1.167
医学	422	361	1.169
科学技术哲学	34	29	1.172
文学	1520	1295	1.174
光学工程	303	257	1.179
信息与通信工程	163	138	1.181
教育学	1244	1048	1.187
金融	37	31	1.194
国际政治	36	30	1.200
日语语言文学	18	15	1.200
艺术学	512	424	1.208
社会	28	23	1.217
管理学	978	802	1.219
知识产权法	5	4	1.250
亚非语言文学	5	4	1.250
史学理论及中国史学史	10	8	1.250
伦理学	40	32	1.250
中药学	5	4	1.250
大气物理学与大气环境	19	15	1.267
光学	33	26	1.269
读书	9	7	1.286
法语语言文学	9	7	1.286
社会实践	9	7	1.286
人文	18	14	1.286
数字图像处理	18	14	1.286
环境工程	58	45	1.289
公司治理	22	17	1.294
算法	13	10	1.300
劳动经济学	26	20	1.300
科学技术史	47	36	1.306
生物学	287	219	1.311
测绘科学与技术	21	16	1.312
物理	21	16	1.312
高分子化学与物理	21	16	1.312
心理	29	22	1.318
社群軟體	4	3	1.333
电力电子技术	20	15	1.333
＃減肥	4	3	1.333
环境	12	9	1.333
生態	4	3	1.333
公共服务	4	3	1.333
小篆	4	3	1.333
中医	4	3	1.333
中文系	4	3	1.333
法官最終裁量權	4	3	1.333
環境	4	3	1.333
总统大选	4	3	1.333
航天技术	4	3	1.333
城乡规划学	48	36	1.333
＃健康	4	3	1.333
军队政治工作学	4	3	1.333
人力资源管理	4	3	1.333
性格色彩	4	3	1.333
地理学	4	3	1.333
深度学习	8	6	1.333
通信工程	4	3	1.333
服装业	4	3	1.333
行銷	4	3	1.333
军事历史学	4	3	1.333
地球科學	4	3	1.333
党建	4	3	1.333
生物構造	4	3	1.333
＃體態	4	3	1.333
青少年犯罪	4	3	1.333
国际贸易学	43	32	1.344
政治学	129	96	1.344
美术学	190	141	1.348
控制科学与工程	87	64	1.359
哲学	1054	771	1.367
经济学	2038	1484	1.373
社群	22	16	1.375
社会心理学	22	16	1.375
产业经济学	267	193	1.383
建筑学	96	69	1.391
水利工程	14	10	1.400
机器人	7	5	1.400
法学	634	451	1.406
药学	17	12	1.417
債券	17	12	1.417
金融學	17	12	1.417
資本市場	17	12	1.417
医学技术	144	99	1.455
運動	57	39	1.462
软件	22	15	1.467
国际关系	69	47	1.468
新闻学	56	38	1.474
数据可视化	3	2	1.500
汤浅现象	3	2	1.500
当代政治	3	2	1.500
生物柴油	3	2	1.500
理科实验	3	2	1.500
系统优化	3	2	1.500
计算机科学	6	4	1.500
问题解决模型	3	2	1.500
城镇化	3	2	1.500
亚采样	3	2	1.500
书法	6	4	1.500
社会新闻	3	2	1.500
土地资源管理	6	4	1.500
断裂与疲劳	3	2	1.500
养生学	3	2	1.500
凸优化	3	2	1.500
英語	3	2	1.500
演讲与口才	3	2	1.500
中西差异	3	2	1.500
自我學習	3	2	1.500
景观	3	2	1.500
书籍	3	2	1.500
用户群体细分	3	2	1.500
一带一路	3	2	1.500
基层	3	2	1.500
人才培养	3	2	1.500
科普宣传	3	2	1.500
社会调查	3	2	1.500
网络	12	8	1.500
农林经济管理	6	4	1.500
市场调研	3	2	1.500
市场营销	3	2	1.500
应用化学	18	12	1.500
功能固着	3	2	1.500
展览	3	2	1.500
心裡	3	2	1.500
商法	9	6	1.500
金融学	657	436	1.507
软件工程	332	220	1.509
建築管理	23	15	1.533
管理	64	41	1.561
房地產	30	19	1.579
中国近代史	49	31	1.581
科技	73	46	1.587
英语语言文学	162	102	1.588
english	8	5	1.600
生活	69	43	1.605
应用经济学	474	295	1.607
环境科学与工程	42	26	1.615
数量经济学	21	13	1.615
跨文化	13	8	1.625
分析化学	36	22	1.636
公共管理	318	193	1.648
数学	165	100	1.650
经济	43	26	1.654
科学与人文	5	3	1.667
跑	5	3	1.667
生存感悟与生活境遇	5	3	1.667
核发展	5	3	1.667
法理学	5	3	1.667
自动控制	5	3	1.667
三农问题	15	9	1.667
前景	5	3	1.667
计算机应用	5	3	1.667
水文学与水资源	45	27	1.667
刑法学	10	6	1.667
弹塑性力学	5	3	1.667
民商法学	52	31	1.677
马克思主义理论	42	25	1.680
英语	79	47	1.681
信号与信息处理	54	32	1.688
管理科学与工程	499	295	1.692
核科学与技术	46	27	1.704
旅遊	29	17	1.706
税法	24	14	1.714
基础医学	110	64	1.719
創意	43	25	1.720
建築學	19	11	1.727
数据挖掘	45	26	1.731
房地产经济学	33	19	1.737
音乐与舞蹈学	75	43	1.744
校园文化	7	4	1.750
能源互联网	7	4	1.750
美国	7	4	1.750
体育运动学	7	4	1.750
公司法	7	4	1.750
电动汽车	7	4	1.750
人因学	7	4	1.750
化学工艺	7	4	1.750
研究生社工	7	4	1.750
水力学及河流动力学	30	17	1.765
纳税筹划	23	13	1.769
体育	57	32	1.781
计算机软件与理论	368	206	1.786
历史	93	52	1.788
市政工程	43	24	1.792
中国现代史	18	10	1.800
宏观经济学	9	5	1.800
教育管理	9	5	1.800
大数据分析	9	5	1.800
电路与系统	45	25	1.800
历史学	765	424	1.804
社會	103	57	1.807
生态学	58	32	1.812
理学	728	399	1.825
通信与信息系统	84	46	1.826
马克思主义	11	6	1.833
财政学	15	8	1.875
體育	53	28	1.893
政治经济学	33	17	1.941
	6	3	2.000
生物化学	2	1	2.000
世界地区国别史	20	10	2.000
戏剧	2	1	2.000
生活品位	2	1	2.000
大选	2	1	2.000
高铁国际化	2	1	2.000
vr	4	2	2.000
r语言	2	1	2.000
石油与天然气工程	10	5	2.000
计算力学	2	1	2.000
文化对比	2	1	2.000
商标权	4	2	2.000
科研体系	2	1	2.000
阶级社会学	2	1	2.000
信息安全	2	1	2.000
茶道	4	2	2.000
建筑环境	2	1	2.000
商业分析	2	1	2.000
党章学习	2	1	2.000
法国文化	2	1	2.000
小说	2	1	2.000
移动计算	2	1	2.000
择业规划	2	1	2.000
保健	8	4	2.000
中医学	8	4	2.000
health	4	2	2.000
三禮學	2	1	2.000
动漫	6	3	2.000
传统武术	2	1	2.000
福利国家	2	1	2.000
电影学	2	1	2.000
宗教	12	6	2.000
明清史	2	1	2.000
数理统计	4	2	2.000
国际	4	2	2.000
外国语	2	1	2.000
hvdc	10	5	2.000
程式設計	4	2	2.000
结构超润滑	2	1	2.000
俄语文学	2	1	2.000
行为	2	1	2.000
科学哲学	6	3	2.000
中国语言学	4	2	2.000
制导与控制	20	10	2.000
房地产投资	2	1	2.000
沟通	2	1	2.000
工程担保	2	1	2.000
环境问题	2	1	2.000
击剑	2	1	2.000
世界古代中古史	2	1	2.000
运营管理	4	2	2.000
数据伦理	2	1	2.000
图像压缩	2	1	2.000
驾驶安全	2	1	2.000
社会事业	2	1	2.000
交通经济学	2	1	2.000
形式化方法	2	1	2.000
中马	2	1	2.000
＃ｃｏ2	4	2	2.000
流体力学	34	17	2.000
英美法	4	2	2.000
物理海洋学	8	4	2.000
水库	2	1	2.000
计算机视觉	2	1	2.000
北朝經學	2	1	2.000
台湾	2	1	2.000
高级心理统计	4	2	2.000
研究生德育工作	6	3	2.000
经济思想史	8	4	2.000
人物传记	4	2	2.000
阅读方法	4	2	2.000
人機交互	2	1	2.000
园艺学	4	2	2.000
建筑安全	2	1	2.000
建設項目管理	2	1	2.000
互联网金融	4	2	2.000
日本	8	4	2.000
环境监测	2	1	2.000
隔振	2	1	2.000
#保護	4	2	2.000
广告	2	1	2.000
科幻小说	2	1	2.000
材料本构	2	1	2.000
话剧	2	1	2.000
泛函分析	2	1	2.000
营养与健康	2	1	2.000
婦科	4	2	2.000
＃環境	4	2	2.000
动态规划	2	1	2.000
音乐剧	2	1	2.000
经学	2	1	2.000
南亚研究	2	1	2.000
自动化	4	2	2.000
钱穆治学心得	4	2	2.000
计算机	95	47	2.021
计算机科学与技术	814	401	2.030
机器学习	67	33	2.030
控制理论与控制工程	45	22	2.045
电子科学与技术	321	153	2.098
股票	34	16	2.125
物理化学	15	7	2.143
数值分析	26	12	2.167
闯世界经验分享	13	6	2.167
个人规划	13	6	2.167
计算机应用技术	701	323	2.170
机械制造及其自动化	50	23	2.174
生物	72	33	2.182
交通	46	21	2.190
人工智能	22	10	2.200
信息科学	11	5	2.200
统计学	133	60	2.217
交通工程	9	4	2.250
語言	9	4	2.250
创业	55	24	2.292
工学	2354	1026	2.294
心理學	7	3	2.333
创新创业	7	3	2.333
无机化学	7	3	2.333
隧道工程	7	3	2.333
地质学	7	3	2.333
商业	26	11	2.364
凝聚态物理	71	30	2.367
技术经济及管理	50	21	2.381
欧洲语言文学	31	13	2.385
导航	24	10	2.400
法律	24	10	2.400
港口	12	5	2.400
海岸及近海工程	12	5	2.400
人生规划	12	5	2.400
大地测量学与测量工程	12	5	2.400
地球科学	29	12	2.417
计算机系统结构	375	154	2.435
模式识别与智能系统	27	11	2.455
材料科学与工程	142	57	2.491
质谱磷脂检测细胞成像	15	6	2.500
口语交流	5	2	2.500
大气科学	25	10	2.500
致癌	5	2	2.500
材料物理与化学	55	22	2.500
交通流理论	5	2	2.500
人机交互	5	2	2.500
火焰合成	5	2	2.500
工作輔導	5	2	2.500
心理調適	5	2	2.500
大气海洋	5	2	2.500
新兴体育	5	2	2.500
世界经济	15	6	2.500
人事協調	5	2	2.500
生命科学	5	2	2.500
社会医学与卫生事业管理	5	2	2.500
建筑业	5	2	2.500
it	5	2	2.500
土木专业	5	2	2.500
国防经济	20	8	2.500
英语口语交流	5	2	2.500
风险评估	5	2	2.500
＃運動	5	2	2.500
減肥	5	2	2.500
智慧交通	5	2	2.500
媒体	5	2	2.500
理论经济学	398	159	2.503
热能工程	51	20	2.550
醫學	52	20	2.600
土木工程	328	125	2.624
健康	42	16	2.625
慢跑	21	8	2.625
机械工程	84	32	2.625
ppp	29	11	2.636
农学	90	34	2.647
创客	8	3	2.667
智能驾驶	8	3	2.667
校友	8	3	2.667
编程	8	3	2.667
最优控制	8	3	2.667
書籍	8	3	2.667
计算机网络	147	54	2.722
水利水电工程	22	8	2.750
汽车安全与轻量化	11	4	2.750
医学物理	11	4	2.750
汽车	11	4	2.750
化学工程	25	9	2.778
有机化学	25	9	2.778
国学	14	5	2.800
电气工程	130	46	2.826
仪器科学与技术	174	61	2.852
核能科学与工程	95	33	2.879
世界近现代史	38	13	2.923
线性代数讨论	3	1	3.000
数据挖掘和模式识别	3	1	3.000
虛擬實境	6	2	3.000
math	6	2	3.000
创业创新	3	1	3.000
天文	6	2	3.000
规划设计	3	1	3.000
discuss	6	2	3.000
安卓	3	1	3.000
#社会学#	3	1	3.000
混凝土材料科学	3	1	3.000
工业大数据	3	1	3.000
遗传学	3	1	3.000
庄子哲学	3	1	3.000
政治经济	6	2	3.000
学生社工	9	3	3.000
电子信息类	3	1	3.000
随机过程	3	1	3.000
核能	9	3	3.000
机械原理	3	1	3.000
心理建設	6	2	3.000
三创	3	1	3.000
宣传	3	1	3.000
科技业	6	2	3.000
混凝土原理	3	1	3.000
天体物理	3	1	3.000
军事训练学	6	2	3.000
创新	6	2	3.000
媒介经济	3	1	3.000
读书方法	3	1	3.000
赏月	6	2	3.000
电视	3	1	3.000
计算机软件	6	2	3.000
中国现当代文学	3	1	3.000
教育经济与管理	15	5	3.000
营养学	3	1	3.000
法国电影	3	1	3.000
环境应对	3	1	3.000
应用开发	3	1	3.000
声乐	6	2	3.000
硬件密码侧信道	3	1	3.000
学科交叉	3	1	3.000
体育竞技	6	2	3.000
有限元	6	2	3.000
营销推广	3	1	3.000
微电子学与固体物理学	33	11	3.000
应用随机过程	3	1	3.000
科学社会学	9	3	3.000
供应链管理	3	1	3.000
熱工水利	3	1	3.000
科学史	9	3	3.000
战术学	3	1	3.000
电影赏析	3	1	3.000
论文写作	12	4	3.000
行业研究	6	2	3.000
经济社会	3	1	3.000
读书会	3	1	3.000
绿色建筑	3	1	3.000
疲劳	3	1	3.000
智能信息处理	3	1	3.000
消费者行为学	3	1	3.000
故事	6	2	3.000
固定收益	3	1	3.000
互联网	51	17	3.000
读诗	6	2	3.000
可持续发展	3	1	3.000
饮食	3	1	3.000
冶金工程	3	1	3.000
优秀毕业生交流	3	1	3.000
科幻文学	3	1	3.000
大数据	110	35	3.143
特种医学	19	6	3.167
运动健康	16	5	3.200
实践	13	4	3.250
房地产	89	27	3.296
安全科学与工程	33	10	3.300
科技哲学	10	3	3.333
英文	10	3	3.333
化学	97	29	3.345
海外研修	24	7	3.429
物理学	122	35	3.486
足球	32	9	3.556
运筹学与控制论	157	44	3.568
航空宇航推进理论与工程	136	38	3.579
跑步	11	3	3.667
环境生态	22	6	3.667
暖身	11	3	3.667
拉筋	11	3	3.667
民商法	33	9	3.667
检测技术与自动化装置	15	4	3.750
跑步技术	15	4	3.750
旅游	19	5	3.800
摄影	19	5	3.800
军事学	92	24	3.833
清北文化	4	1	4.000
数据感知	12	3	4.000
党建工作	4	1	4.000
社会保障	8	2	4.000
纳米技术	4	1	4.000
汉语学	4	1	4.000
社会服务	4	1	4.000
电磁场与微波技术	24	6	4.000
播音主持	4	1	4.000
社会环保	4	1	4.000
健身	4	1	4.000
抗震	4	1	4.000
类脑计算	4	1	4.000
志愿	4	1	4.000
医学科学	4	1	4.000
反应工程	4	1	4.000
建筑工程	4	1	4.000
疲劳与断裂	4	1	4.000
生物信息学	4	1	4.000
经济金融	4	1	4.000
机械电子工程	28	7	4.000
工程法律	4	1	4.000
软件开发	8	2	4.000
地下工程	4	1	4.000
规划景观	4	1	4.000
战略学	8	2	4.000
水泥基材料	4	1	4.000
智能汽车	20	5	4.000
创新人才讨论	4	1	4.000
城市韧性	4	1	4.000
自组装	4	1	4.000
摄影测量与遥感	8	2	4.000
结构动力学	4	1	4.000
耐久性	4	1	4.000
雕塑	4	1	4.000
疾病	16	4	4.000
平台搭建	4	1	4.000
阻尼	4	1	4.000
材料学	202	50	4.040
车辆工程	110	27	4.074
结构试验	70	17	4.118
飞盘	33	8	4.125
概率论与数理统计	231	56	4.125
土木	80	19	4.211
神经生物学	34	8	4.250
食品	17	4	4.250
材料	30	7	4.286
高温共电解	13	3	4.333
政治	48	11	4.364
水泥化学	31	7	4.429
工程材料	9	2	4.500
电子机械	9	2	4.500
作物学	18	4	4.500
电池	9	2	4.500
内燃机节能减排	9	2	4.500
中国古代史	27	6	4.500
模式识别	9	2	4.500
应用数学	181	40	4.525
燃料电池	41	9	4.556
系统科学	65	14	4.643
电力系统及其自动化	144	31	4.645
计算数学	108	22	4.909
军事装备学	10	2	5.000
高分子材料	5	1	5.000
情感分析	10	2	5.000
電影	5	1	5.000
乒乓球	5	1	5.000
通信	5	1	5.000
职业生涯发展	5	1	5.000
气膜冷却	5	1	5.000
双学位	10	2	5.000
伦理	5	1	5.000
英语文学	5	1	5.000
国际关系学	5	1	5.000
水工结构工程	40	8	5.000
学术	5	1	5.000
纳米复合	5	1	5.000
水凝胶	5	1	5.000
基础数学	150	30	5.000
物理电子学	10	2	5.000
研究生	5	1	5.000
地域	5	1	5.000
学科史	5	1	5.000
城市经济	5	1	5.000
城市规划与设计	136	27	5.037
微流控	31	6	5.167
討論	78	15	5.200
动力工程及工程热物理	42	8	5.250
电工理论与新技术	21	4	5.250
人因工程	32	6	5.333
岩土工程	71	13	5.462
工程管理	44	8	5.500
市场学	11	2	5.500
结构工程	1219	217	5.618
行业分析	17	3	5.667
物联网	17	3	5.667
力学	108	19	5.684
粒子物理与原子核物理	41	7	5.857
军事思想及军事历史	6	1	6.000
癌症	6	1	6.000
薪資	6	1	6.000
天文学	18	3	6.000
营销	6	1	6.000
控制	6	1	6.000
经典物理	12	2	6.000
管理科学	6	1	6.000
交通运输	6	1	6.000
房價	6	1	6.000
工业四点零	6	1	6.000
甲殼	6	1	6.000
國	6	1	6.000
際	6	1	6.000
心臟	12	2	6.000
買房	6	1	6.000
校园生活	6	1	6.000
consulting	6	1	6.000
創業	6	1	6.000
網路	12	2	6.000
房市	12	2	6.000
乡村建设	6	1	6.000
自然地理	6	1	6.000
物聯網	6	1	6.000
量子力学恋上相对论	6	1	6.000
泡沫化	6	1	6.000
概率论	12	2	6.000
中外政治制度	6	1	6.000
飞行器设计	6	1	6.000
热力学	19	3	6.333
学习方法	13	2	6.500
工程热物理	52	8	6.500
电机与电器	91	14	6.500
流体机械及工程	13	2	6.500
气象学	52	8	6.500
新能源汽车	13	2	6.500
防灾减灾工程及防护工程	118	18	6.556
理论物理	125	19	6.579
信息技术	20	3	6.667
固体力学	251	36	6.972
船舶与海洋工程	14	2	7.000
happy	7	1	7.000
电机系	7	1	7.000
电力电子与电力传动	84	12	7.000
study	7	1	7.000
实体解析	7	1	7.000
原子与分子物理	7	1	7.000
learn	7	1	7.000
军制学	7	1	7.000
混凝土	28	4	7.000
傳統	7	1	7.000
航空宇航科学与技术	70	10	7.000
korea	14	2	7.000
friend	7	1	7.000
language	14	2	7.000
홀	7	1	7.000
韓國	7	1	7.000
众包	7	1	7.000
脑科学	36	5	7.200
微观经济学	8	1	8.000
美食	16	2	8.000
数据科学与工程	8	1	8.000
科幻	8	1	8.000
计算流体力学	8	1	8.000
建筑材料	439	54	8.130
桥梁与隧道工程	371	44	8.432
科技史	9	1	9.000
一般力学与力学基础	36	4	9.000
心理健康	9	1	9.000
传统文化	9	1	9.000
工程力学	46	5	9.200
微积分	10	1	10.000
微博	10	1	10.000
投资	11	1	11.000
矿业工程	11	1	11.000
信息	11	1	11.000
科创	11	1	11.000
高电压与绝缘技术	82	7	11.714
科学	12	1	12.000
机电一体化	13	1	13.000
汽车发动机节能减排	15	1	15.000
icn	16	1	16.000
专门史与整体史	16	1	16.000
sdn	16	1	16.000
hvdc-vsc	49	2	24.500
smart	49	2	24.500
grid	49	2	24.500
输电网&配电网	49	2	24.500
动力机械及工程	39	1	39.000
软件定义网络	89	2	44.500
建筑设计及其理论	59	1	59.000
材料加工工程	5	0	1000.000
燃烧学	2	0	1000.000
合作经济史	0	0	1000.000
信息检索	9	0	1000.000
社会工作	1	0	1000.000
电子竞技	3	0	1000.000
传热cfd	3	0	1000.000
高分子	4	0	1000.000
nips	9	0	1000.000
化工过程机械	3	0	1000.000
非虚构写作	0	0	1000.000
英语口语学习	3	0	1000.000
理论物理问题	4	0	1000.000
地图制图与地理信息工程	7	0	1000.000
化工博论	1	0	1000.000
演化生物學	3	0	1000.000
金属学	5	0	1000.000
文本挖掘	0	0	1000.000
政策研究	2	0	1000.000
科学技术	3	0	1000.000
装配式建筑	5	0	1000.000
过程挖掘	2	0	1000.000
bim	6	0	1000.000
i	2	0	1000.000
农业工程	6	0	1000.000
次时代	1	0	1000.000
微结构	2	0	1000.000
消费行为学	2	0	1000.000
无线网络	0	0	1000.000
统计质量控制	1	0	1000.000
银行业	2	0	1000.000
主持艺术	2	0	1000.000
风险	3	0	1000.000
计算固体力学	4	0	1000.000
体育锻炼	1	0	1000.000
信息论	4	0	1000.000
科研经验	12	0	1000.000
民主政治	2	0	1000.000
就业	6	0	1000.000
系统学	4	0	1000.000
基层治理	2	0	1000.000
气候变化	1	0	1000.000
电工技术与电子技术	5	0	1000.000
科研日常	3	0	1000.000
微信	7	0	1000.000
博士生生活	4	0	1000.000
big	5	0	1000.000
制冷及低温工程	10	0	1000.000
智能网联汽车	2	0	1000.000
安全设计	2	0	1000.000
融合	2	0	1000.000
知识工程	2	0	1000.000
关于社会实践项目选择	3	0	1000.000
自然科学	5	0	1000.000
数值计算	1	0	1000.000
移动通信	2	0	1000.000
互联网金融监管	1	0	1000.000
公司的历程	6	0	1000.000
太阳能	1	0	1000.000
口腔医学	2	0	1000.000
地质	1	0	1000.000
党员学习	2	0	1000.000
质量	1	0	1000.000
特征排序	6	0	1000.000
大气模式	0	0	1000.000
社会学与人类学	2	0	1000.000
商业战略	1	0	1000.000
北京小吃	0	0	1000.000
电子科学	1	0	1000.000
材料化学	6	0	1000.000
房地产金融	1	0	1000.000
生物科学	2	0	1000.000
学术写作	2	0	1000.000
地质资源与地质工程	3	0	1000.000
土木工程建筑材料	3	0	1000.000
英语学习与讨论	2	0	1000.000
梦境学	3	0	1000.000
文学翻译	1	0	1000.000
cv	2	0	1000.000
气候学	2	0	1000.000
舞台艺术	4	0	1000.000
暑期实践	0	0	1000.000
教育公平	1	0	1000.000
建筑装潢与室内设计	2	0	1000.000
催化	2	0	1000.000
历史哲学	2	0	1000.000
组何数学	0	0	1000.000
古文字学	2	0	1000.000
大学文化	3	0	1000.000
诠释学	1	0	1000.000
历史人类学	2	0	1000.000
纺织科学与工程	2	0	1000.000
ppca	1	0	1000.000
系统辨识	6	0	1000.000
网络搜索	9	0	1000.000
光谱仪	3	0	1000.000
区域经济	2	0	1000.000
融资	2	0	1000.000
毕业交流	1	0	1000.000
生活化学	5	0	1000.000
本构	3	0	1000.000
宏观经济	4	0	1000.000
党政体制重构	6	0	1000.000
混凝土结构	9	0	1000.000
城市经济学	22	0	1000.000
金融分析	2	0	1000.000
甲骨文	2	0	1000.000
学科结构	6	0	1000.000
核工	2	0	1000.000
用户行为分析	9	0	1000.000
计算机网络技术	4	0	1000.000
草学	6	0	1000.000
股票期货	5	0	1000.000
岭南	2	0	1000.000
战国竹简	2	0	1000.000
平面几何	5	0	1000.000
#商法#公司法#	1	0	1000.000
潮汕	2	0	1000.000
技能	1	0	1000.000
边坡防护	2	0	1000.000
电影艺术	2	0	1000.000
健康运动	2	0	1000.000
模式识别和数据挖掘	2	0	1000.000
高等教育史	0	0	1000.000
行为方法学	3	0	1000.000
量子力学	7	0	1000.000
学术报告口语	2	0	1000.000
供给侧改革	1	0	1000.000
形式化	5	0	1000.000
跑步姿势	3	0	1000.000
机械设计及理论	13	0	1000.000
演讲	1	0	1000.000
地理遥感	3	0	1000.000
水轮机械	1	0	1000.000
航天	2	0	1000.000
古典	1	0	1000.000
畜牧学	4	0	1000.000
兵器科学与技术	3	0	1000.000
伦理道德	1	0	1000.000
研究生生活	2	0	1000.000
微藻水热液化转化过程	4	0	1000.000
空泡	4	0	1000.000
社交	1	0	1000.000
环保	7	0	1000.000
耳蜗结构与功能研究	2	0	1000.000
职业理想	1	0	1000.000
历史人文	2	0	1000.000
区域研究	1	0	1000.000
脊椎動物	3	0	1000.000
等离子体	4	0	1000.000
相变光学器件	2	0	1000.000
data	5	0	1000.000
艺术设计	1	0	1000.000
眼镜	3	0	1000.000
化学科学	7	0	1000.000
推荐系统	6	0	1000.000
海洋研究	3	0	1000.000
英语口语训练	2	0	1000.000
插画	1	0	1000.000
核物理	4	0	1000.000
建筑市场治理	3	0	1000.000
交通运输规划	5	0	1000.000
汽车电机控制	8	0	1000.000
矩方法	9	0	1000.000
量子信息	5	0	1000.000
运动飞盘	3	0	1000.000
兩岸議題	3	0	1000.000
磁测量	1	0	1000.000
业务过程管理	2	0	1000.000
矩阵消元	3	0	1000.000
数值模拟	10	0	1000.000
电磁学	8	0	1000.000
博资考	2	0	1000.000
艺术与科学	1	0	1000.000
工程制图	3	0	1000.000
敏感性与不确定性分析	3	0	1000.000
公司金融	13	0	1000.000
主题团日	1	0	1000.000
电气	3	0	1000.000
琅琊山历史	2	0	1000.000
数学算法	1	0	1000.000
linux	2	0	1000.000
空泡动力学	6	0	1000.000
物理檢測	3	0	1000.000
博士生英语课程	2	0	1000.000
莎士比亚	0	0	1000.000
国际政治学	3	0	1000.000
文化探讨	2	0	1000.000
数据上图	4	0	1000.000
物流	6	0	1000.000
co2地质封存	4	0	1000.000
经济学原理	4	0	1000.000
爱国主义思想	2	0	1000.000
自然语言处理	2	0	1000.000
绝缘材料	5	0	1000.000
dv剧	7	0	1000.000
信息服务	0	0	1000.000
材料科学	7	0	1000.000
量子计算	4	0	1000.000
投资决策	3	0	1000.000
岩石力学与工程	3	0	1000.000
鬼城现象	2	0	1000.000
反应堆	5	0	1000.000
漫画	1	0	1000.000
无线定位	0	0	1000.000
塑性力学	3	0	1000.000
学术类	3	0	1000.000
財務行為學	4	0	1000.000
资料检索	6	0	1000.000
生態學	3	0	1000.000
交叉学科	10	0	1000.000
信息学	16	0	1000.000
基础写作	5	0	1000.000
美国文化	4	0	1000.000
工程科学	3	0	1000.000
消费电子	1	0	1000.000
英语学习	4	0	1000.000
岩石力学	2	0	1000.000
政治观察	5	0	1000.000
刊物排版	0	0	1000.000
退出机制	3	0	1000.000
经典小说阅享	3	0	1000.000
technology	4	0	1000.000
基因编辑	4	0	1000.000
vr内容制作	1	0	1000.000
博物學	3	0	1000.000
通信技术	1	0	1000.000
红色文化	4	0	1000.000
历史地理学	1	0	1000.000
职业运动	4	0	1000.000
金文	2	0	1000.000
航空	2	0	1000.000
技術分析	4	0	1000.000
博士答辩	2	0	1000.000
绘图软件	5	0	1000.000
商学	5	0	1000.000
产业发展	3	0	1000.000
经63	3	0	1000.000
人际交往	3	0	1000.000
空化	6	0	1000.000
组合结构	11	0	1000.000
yi qi	1	0	1000.000
工程机械	1	0	1000.000
微观金融	6	0	1000.000
体育社会学	2	0	1000.000
景观地学	0	0	1000.000
跨学科	1	0	1000.000
纳米材料	2	0	1000.000
中国政府与政治	6	0	1000.000
保障性住房	1	0	1000.000
产业经济	4	0	1000.000
无线充电	8	0	1000.000
地铁	2	0	1000.000
公安技术	3	0	1000.000
新能源	3	0	1000.000
跨界设计	1	0	1000.000
教育考试	2	0	1000.000
棒球	4	0	1000.000
